m1 = 3;
m2 = 3;
l1 = 0.25;
l2 = 0.25;
B1 = 2;
B2 = 2;
g = 9.81;

q1 = 0;
q2= 0;
